     
    J1        J2        J3
J1 1.0000000 0.9647384 0.9504174
J2 0.9647384 1.0000000 0.9725451
J3 0.9504174 0.9725451 1.0000000

        J1       J2       J3
J1 990.2275 957.4818 912.6445
J2 957.4818 994.7339 936.0154
J3 912.6445 936.0154 931.1927

> cov(RandComp3)
          S1        S2       S3
S1 1124.3059 1013.0521 959.0129
S2 1013.0521 1077.0513 979.3944
S3  959.0129  979.3944 993.8958
> cov2cor(cov(RandComp3))
          S1        S2        S3
S1 1.0000000 0.9206008 0.9072182
S2 0.9206008 1.0000000 0.9466055
S3 0.9072182 0.9466055 1.0000000
